# No SDtrue Sdest n
0.00000 0.00929 0.01852 60.00000
1.00000 0.01356 0.02700 40.00000
2.00000 0.00149 0.00297 80.00000
3.00000 0.02990 0.05893 30.00000
4.00000 0.00186 0.00373 30.00000
5.00000 0.02530 0.04979 40.00000
6.00000 0.02663 0.05244 40.00000
7.00000 0.01499 0.02966 80.00000
8.00000 0.03064 0.05981 40.00000
9.00000 0.02751 0.05420 30.00000
10.00000 0.02967 0.05878 20.00000
11.00000 0.04096 0.07919 30.00000
12.00000 0.03149 0.06039 70.00000
13.00000 0.02217 0.04380 40.00000
14.00000 0.03219 0.06291 30.00000
15.00000 0.00083 0.00166 40.00000
16.00000 0.02003 0.03956 50.00000
17.00000 0.04744 0.09072 30.00000
18.00000 0.02063 0.04058 60.00000
19.00000 0.03258 0.06391 30.00000
20.00000 0.01479 0.02940 40.00000
21.00000 0.01749 0.03435 90.00000
22.00000 0.02105 0.04170 30.00000
23.00000 0.00957 0.01907 60.00000
24.00000 0.04905 0.08943 60.00000
25.00000 0.01896 0.03774 20.00000
26.00000 0.01875 0.03708 50.00000
27.00000 0.02449 0.04795 60.00000
28.00000 0.00955 0.01907 40.00000
29.00000 0.00775 0.01550 10.00000
30.00000 0.01987 0.03956 20.00000
31.00000 0.04577 0.08643 40.00000
32.00000 0.02726 0.05307 60.00000
33.00000 0.00897 0.01792 30.00000
34.00000 0.02073 0.04125 20.00000
35.00000 0.03568 0.06913 40.00000
36.00000 0.04469 0.08638 30.00000
37.00000 0.03774 0.07369 30.00000
38.00000 0.01277 0.02543 40.00000
39.00000 0.02770 0.05489 20.00000
40.00000 0.01619 0.03206 60.00000
41.00000 0.01701 0.03388 20.00000
42.00000 0.03802 0.07419 30.00000
43.00000 0.01435 0.02854 50.00000
44.00000 0.01175 0.02341 40.00000
45.00000 0.04088 0.07653 60.00000
46.00000 0.04286 0.08302 20.00000
47.00000 0.02155 0.04264 40.00000
48.00000 0.00485 0.00968 60.00000
49.00000 0.02883 0.05733 10.00000
50.00000 0.03688 0.07027 60.00000
51.00000 0.03014 0.05953 20.00000
52.00000 0.00152 0.00303 50.00000
53.00000 0.02318 0.04547 60.00000
54.00000 0.03467 0.06840 20.00000
55.00000 0.01821 0.03610 40.00000
56.00000 0.04773 0.08942 50.00000
57.00000 0.00815 0.01628 30.00000
58.00000 0.04689 0.09047 30.00000
59.00000 0.03124 0.06127 30.00000
60.00000 0.00648 0.01295 50.00000
61.00000 0.01739 0.03447 50.00000
62.00000 0.02147 0.04221 60.00000
63.00000 0.04023 0.07558 60.00000
64.00000 0.01621 0.03220 40.00000
65.00000 0.00776 0.01550 30.00000
66.00000 0.03024 0.05899 40.00000
67.00000 0.04519 0.08629 40.00000
68.00000 0.00473 0.00946 50.00000
69.00000 0.00472 0.00943 60.00000
70.00000 0.03591 0.07181 0.00000
71.00000 0.00412 0.00823 60.00000
72.00000 0.03767 0.07200 50.00000
73.00000 0.02798 0.05339 100.00000
74.00000 0.03595 0.06651 100.00000
75.00000 0.00788 0.01572 50.00000
76.00000 0.03069 0.05911 60.00000
77.00000 0.03772 0.07133 70.00000
78.00000 0.03826 0.07461 30.00000
79.00000 0.04172 0.07794 60.00000
80.00000 0.01238 0.02466 40.00000
81.00000 0.04319 0.08033 60.00000
82.00000 0.04983 0.09246 50.00000
83.00000 0.01431 0.02846 40.00000
84.00000 0.01848 0.03683 20.00000
85.00000 0.01999 0.03933 70.00000
86.00000 0.03102 0.06027 50.00000
87.00000 0.02540 0.05028 20.00000
88.00000 0.03998 0.07857 20.00000
89.00000 0.04575 0.08807 30.00000
90.00000 0.04229 0.08121 40.00000
91.00000 0.02129 0.04205 50.00000
92.00000 0.00611 0.01221 20.00000
93.00000 0.01210 0.02409 50.00000
94.00000 0.01079 0.02148 70.00000
95.00000 0.03991 0.07665 40.00000
96.00000 0.01208 0.02400 70.00000
97.00000 0.03901 0.07718 10.00000
98.00000 0.02709 0.05347 30.00000
99.00000 0.01716 0.03408 40.00000
100.00000 0.01202 0.02399 20.00000
101.00000 0.00615 0.01229 10.00000
102.00000 0.03220 0.06350 20.00000
103.00000 0.04033 0.07927 20.00000
104.00000 0.01962 0.03908 20.00000
105.00000 0.02028 0.04031 20.00000
106.00000 0.02194 0.04358 20.00000
107.00000 0.01584 0.03126 80.00000
108.00000 0.03104 0.06093 30.00000
109.00000 0.00309 0.00618 30.00000
110.00000 0.03917 0.07268 80.00000
111.00000 0.04665 0.08717 50.00000
112.00000 0.01225 0.02443 30.00000
113.00000 0.03254 0.06331 40.00000
114.00000 0.04518 0.08920 10.00000
115.00000 0.02610 0.05132 40.00000
116.00000 0.00271 0.00541 20.00000
117.00000 0.02834 0.05600 20.00000
118.00000 0.00565 0.01130 40.00000
119.00000 0.03172 0.06271 20.00000
120.00000 0.04482 0.08578 30.00000
121.00000 0.02944 0.05738 50.00000
122.00000 0.03849 0.07434 40.00000
123.00000 0.02129 0.04224 30.00000
124.00000 0.00367 0.00734 30.00000
125.00000 0.04401 0.08336 50.00000
126.00000 0.00332 0.00665 40.00000
127.00000 0.04976 0.09403 40.00000
128.00000 0.01358 0.02704 30.00000
129.00000 0.00266 0.00532 80.00000
130.00000 0.03397 0.06588 40.00000
131.00000 0.02457 0.04840 40.00000
132.00000 0.00041 0.00082 30.00000
133.00000 0.00812 0.01620 40.00000
134.00000 0.01119 0.02234 30.00000
135.00000 0.02228 0.04432 20.00000
136.00000 0.04210 0.08213 20.00000
137.00000 0.03807 0.07544 10.00000
138.00000 0.00549 0.01096 70.00000
139.00000 0.02132 0.04194 50.00000
140.00000 0.00589 0.01177 40.00000
141.00000 0.04596 0.08692 50.00000
142.00000 0.00482 0.00964 20.00000
143.00000 0.03599 0.07101 20.00000
144.00000 0.03962 0.07509 60.00000
145.00000 0.01343 0.02672 50.00000
146.00000 0.00020 0.00040 30.00000
147.00000 0.00763 0.01524 50.00000
148.00000 0.00184 0.00368 0.00000
149.00000 0.00488 0.00975 20.00000
150.00000 0.04894 0.08986 60.00000
151.00000 0.04285 0.08121 50.00000
152.00000 0.01073 0.02143 20.00000
153.00000 0.00052 0.00105 60.00000
154.00000 0.01229 0.02450 30.00000
155.00000 0.02755 0.05378 50.00000
156.00000 0.01318 0.02618 60.00000
157.00000 0.01119 0.02236 10.00000
158.00000 0.00805 0.01608 50.00000
159.00000 0.00814 0.01625 40.00000
160.00000 0.04790 0.08803 60.00000
161.00000 0.02487 0.04859 50.00000
162.00000 0.03882 0.07426 50.00000
163.00000 0.04575 0.08701 40.00000
164.00000 0.01393 0.02774 40.00000
165.00000 0.04144 0.07931 40.00000
166.00000 0.03980 0.07617 50.00000
167.00000 0.03758 0.07209 50.00000
168.00000 0.03395 0.06694 20.00000
169.00000 0.04962 0.09637 20.00000
170.00000 0.01041 0.02075 60.00000
171.00000 0.03069 0.05891 70.00000
172.00000 0.01968 0.03898 30.00000
173.00000 0.02719 0.05268 70.00000
174.00000 0.03058 0.06007 30.00000
175.00000 0.00405 0.00809 30.00000
176.00000 0.01182 0.02357 30.00000
177.00000 0.00471 0.00942 30.00000
178.00000 0.04616 0.08971 20.00000
179.00000 0.01951 0.03874 30.00000
180.00000 0.03671 0.07048 50.00000
181.00000 0.00365 0.00730 40.00000
182.00000 0.04165 0.07933 40.00000
183.00000 0.00411 0.00822 40.00000
184.00000 0.04509 0.08595 40.00000
185.00000 0.00838 0.01671 70.00000
186.00000 0.01097 0.02187 40.00000
187.00000 0.02279 0.04517 30.00000
188.00000 0.02263 0.04493 20.00000
189.00000 0.03313 0.06537 20.00000
190.00000 0.01966 0.03895 40.00000
191.00000 0.01344 0.02677 40.00000
192.00000 0.02306 0.04570 30.00000
193.00000 0.01583 0.03139 60.00000
194.00000 0.04629 0.08490 70.00000
195.00000 0.03345 0.06547 30.00000
196.00000 0.04613 0.08613 50.00000
197.00000 0.02624 0.05204 20.00000
198.00000 0.02660 0.05125 80.00000
199.00000 0.03926 0.07582 40.00000
200.00000 0.02191 0.04319 50.00000
201.00000 0.01573 0.03118 50.00000
202.00000 0.01952 0.03859 50.00000
203.00000 0.02547 0.05036 30.00000
204.00000 0.01178 0.02341 70.00000
205.00000 0.01773 0.03513 50.00000
206.00000 0.02256 0.04483 20.00000
207.00000 0.03238 0.06211 60.00000
208.00000 0.01176 0.02346 30.00000
209.00000 0.01813 0.03600 30.00000
210.00000 0.02574 0.05105 20.00000
211.00000 0.00214 0.00427 20.00000
212.00000 0.00546 0.01092 40.00000
213.00000 0.02699 0.05287 40.00000
214.00000 0.03428 0.06669 40.00000
215.00000 0.04342 0.08293 40.00000
216.00000 0.02455 0.04844 40.00000
217.00000 0.02764 0.05343 70.00000
218.00000 0.00977 0.01950 40.00000
219.00000 0.03701 0.07200 30.00000
220.00000 0.03082 0.06093 20.00000
221.00000 0.00654 0.01305 60.00000
222.00000 0.04054 0.07724 50.00000
223.00000 0.02106 0.04180 30.00000
224.00000 0.03108 0.05897 90.00000
225.00000 0.00804 0.01605 60.00000
226.00000 0.03317 0.06418 50.00000
227.00000 0.04704 0.09160 20.00000
228.00000 0.02927 0.05594 90.00000
229.00000 0.02249 0.04467 20.00000
230.00000 0.02129 0.04223 30.00000
231.00000 0.01585 0.03141 60.00000
232.00000 0.00297 0.00593 40.00000
233.00000 0.01638 0.03255 40.00000
234.00000 0.01586 0.03155 30.00000
235.00000 0.00864 0.01725 40.00000
236.00000 0.04953 0.09209 50.00000
237.00000 0.03900 0.07370 60.00000
238.00000 0.04072 0.07697 60.00000
239.00000 0.03582 0.06884 50.00000
240.00000 0.03368 0.06524 50.00000
241.00000 0.00715 0.01428 50.00000
242.00000 0.03735 0.07072 60.00000
243.00000 0.04493 0.08664 30.00000
244.00000 0.00887 0.01769 60.00000
245.00000 0.03443 0.06586 60.00000
246.00000 0.00850 0.01699 20.00000
247.00000 0.00881 0.01755 60.00000
248.00000 0.01528 0.03037 40.00000
249.00000 0.04812 0.09308 20.00000
250.00000 0.02139 0.04251 20.00000
251.00000 0.01050 0.02096 20.00000
252.00000 0.00448 0.00895 70.00000
253.00000 0.02485 0.04952 10.00000
254.00000 0.02420 0.04786 30.00000
255.00000 0.01545 0.03066 50.00000
256.00000 0.03968 0.07490 60.00000
257.00000 0.01720 0.03419 30.00000
258.00000 0.04285 0.08267 30.00000
259.00000 0.04230 0.08265 20.00000
260.00000 0.00841 0.01680 30.00000
261.00000 0.03165 0.06105 60.00000
262.00000 0.00849 0.01694 40.00000
263.00000 0.03526 0.06711 60.00000
264.00000 0.04057 0.07847 30.00000
265.00000 0.03322 0.06481 40.00000
266.00000 0.00308 0.00616 20.00000
267.00000 0.02538 0.05020 30.00000
268.00000 0.02005 0.03939 70.00000
269.00000 0.04048 0.07922 20.00000
270.00000 0.03229 0.06289 40.00000
271.00000 0.02740 0.05400 30.00000
272.00000 0.02407 0.04798 10.00000
273.00000 0.00703 0.01403 40.00000
274.00000 0.01463 0.02910 40.00000
275.00000 0.04470 0.08501 40.00000
276.00000 0.00731 0.01461 20.00000
277.00000 0.01507 0.03001 30.00000
278.00000 0.03562 0.06738 70.00000
279.00000 0.00603 0.01204 80.00000
280.00000 0.04621 0.08592 60.00000
281.00000 0.00655 0.01309 50.00000
282.00000 0.01498 0.02975 50.00000
283.00000 0.04991 0.09220 50.00000
284.00000 0.00901 0.01799 30.00000
285.00000 0.00878 0.01751 50.00000
286.00000 0.00825 0.01647 40.00000
287.00000 0.02854 0.05586 40.00000
288.00000 0.02413 0.04795 20.00000
289.00000 0.01071 0.02131 70.00000
290.00000 0.04120 0.07776 60.00000
291.00000 0.04500 0.08652 30.00000
292.00000 0.04328 0.08435 20.00000
293.00000 0.04418 0.08461 40.00000
294.00000 0.04085 0.07624 70.00000
295.00000 0.01951 0.03844 60.00000
296.00000 0.02500 0.04922 40.00000
297.00000 0.01569 0.03119 40.00000
298.00000 0.02376 0.04675 50.00000
299.00000 0.01126 0.02242 50.00000
300.00000 0.02358 0.04614 60.00000
301.00000 0.04217 0.08165 30.00000
302.00000 0.03319 0.06421 50.00000
303.00000 0.00088 0.00176 60.00000
304.00000 0.02417 0.04732 60.00000
305.00000 0.04357 0.08229 50.00000
306.00000 0.03710 0.07302 20.00000
307.00000 0.04700 0.09126 20.00000
308.00000 0.04967 0.09389 40.00000
309.00000 0.00178 0.00357 20.00000
310.00000 0.01378 0.02746 30.00000
311.00000 0.02671 0.05221 50.00000
312.00000 0.03232 0.06285 40.00000
313.00000 0.00773 0.01545 30.00000
314.00000 0.04533 0.08426 60.00000
315.00000 0.02322 0.04614 20.00000
316.00000 0.03553 0.06798 50.00000
317.00000 0.04929 0.09346 40.00000
318.00000 0.02278 0.04516 30.00000
319.00000 0.04094 0.07659 60.00000
320.00000 0.03979 0.07757 30.00000
321.00000 0.02927 0.05759 30.00000
322.00000 0.04578 0.08834 30.00000
323.00000 0.03570 0.07031 20.00000
324.00000 0.04410 0.08297 50.00000
325.00000 0.02299 0.04566 20.00000
326.00000 0.01126 0.02251 10.00000
327.00000 0.03640 0.06979 50.00000
328.00000 0.00358 0.00715 40.00000
329.00000 0.02250 0.04428 50.00000
330.00000 0.04182 0.08105 30.00000
331.00000 0.03117 0.05993 60.00000
332.00000 0.02249 0.04418 50.00000
333.00000 0.04660 0.08799 40.00000
334.00000 0.04784 0.09062 40.00000
335.00000 0.00108 0.00216 40.00000
336.00000 0.01937 0.03858 20.00000
337.00000 0.02091 0.04113 60.00000
338.00000 0.01907 0.03771 50.00000
339.00000 0.00060 0.00119 50.00000
340.00000 0.01125 0.02248 20.00000
341.00000 0.04687 0.09119 20.00000
342.00000 0.03631 0.07202 10.00000
343.00000 0.01937 0.03847 30.00000
344.00000 0.01465 0.02913 40.00000
345.00000 0.04172 0.08125 20.00000
346.00000 0.03551 0.06926 30.00000
347.00000 0.03869 0.07544 30.00000
348.00000 0.02418 0.04792 30.00000
349.00000 0.01699 0.03371 40.00000
350.00000 0.03946 0.07460 60.00000
351.00000 0.02416 0.04812 10.00000
352.00000 0.04080 0.07623 70.00000
353.00000 0.04254 0.07989 60.00000
354.00000 0.04423 0.08641 20.00000
355.00000 0.00023 0.00045 40.00000
356.00000 0.01810 0.03614 10.00000
357.00000 0.00252 0.00505 30.00000
358.00000 0.03461 0.06539 70.00000
359.00000 0.02435 0.04832 20.00000
360.00000 0.02909 0.05715 30.00000
361.00000 0.02822 0.05377 100.00000
362.00000 0.02087 0.04140 30.00000
363.00000 0.01516 0.03012 50.00000
364.00000 0.04777 0.09020 40.00000
365.00000 0.04096 0.07845 50.00000
366.00000 0.04671 0.09103 20.00000
367.00000 0.03001 0.05811 60.00000
368.00000 0.04832 0.09278 30.00000
369.00000 0.02521 0.04928 60.00000
370.00000 0.02527 0.04973 40.00000
371.00000 0.00687 0.01374 20.00000
372.00000 0.01353 0.02690 50.00000
373.00000 0.01702 0.03363 70.00000
374.00000 0.00570 0.01138 50.00000
375.00000 0.01858 0.03673 50.00000
376.00000 0.04596 0.08890 30.00000
377.00000 0.01000 0.01998 20.00000
378.00000 0.02128 0.04177 70.00000
379.00000 0.04934 0.08948 70.00000
380.00000 0.00137 0.00274 20.00000
381.00000 0.03791 0.07183 60.00000
382.00000 0.03297 0.06388 50.00000
383.00000 0.03568 0.06882 50.00000
384.00000 0.01056 0.02102 60.00000
385.00000 0.00652 0.01303 0.00000
386.00000 0.02489 0.04863 60.00000
387.00000 0.04388 0.08324 40.00000
388.00000 0.04971 0.09351 40.00000
389.00000 0.01760 0.03498 30.00000
390.00000 0.00598 0.01194 60.00000
391.00000 0.03101 0.06091 30.00000
392.00000 0.01486 0.02947 60.00000
393.00000 0.01425 0.02832 50.00000
394.00000 0.04378 0.08511 20.00000
395.00000 0.02251 0.04434 50.00000
396.00000 0.03823 0.07262 60.00000
397.00000 0.00877 0.01752 30.00000
398.00000 0.02031 0.04028 30.00000
399.00000 0.04999 0.09643 20.00000
400.00000 0.02042 0.04085 0.00000
401.00000 0.02356 0.04663 30.00000
402.00000 0.00558 0.01116 30.00000
403.00000 0.02358 0.04683 20.00000
404.00000 0.01552 0.03081 40.00000
405.00000 0.04372 0.08539 20.00000
406.00000 0.02372 0.04675 40.00000
407.00000 0.04449 0.08225 70.00000
408.00000 0.04106 0.08128 10.00000
409.00000 0.03695 0.07342 10.00000
410.00000 0.03433 0.06700 30.00000
411.00000 0.00735 0.01467 40.00000
412.00000 0.02244 0.04438 40.00000
413.00000 0.00180 0.00361 20.00000
414.00000 0.03337 0.06473 40.00000
415.00000 0.04094 0.08013 20.00000
416.00000 0.01192 0.02380 20.00000
417.00000 0.02329 0.04608 30.00000
418.00000 0.00427 0.00853 40.00000
419.00000 0.02633 0.05173 40.00000
420.00000 0.00499 0.00998 10.00000
421.00000 0.04785 0.08792 60.00000
422.00000 0.01138 0.02270 30.00000
423.00000 0.02271 0.04452 60.00000
424.00000 0.01626 0.03242 20.00000
425.00000 0.04313 0.08046 60.00000
426.00000 0.03406 0.06528 60.00000
427.00000 0.00817 0.01629 60.00000
428.00000 0.04829 0.08901 60.00000
429.00000 0.03887 0.07579 30.00000
430.00000 0.01192 0.02375 40.00000
431.00000 0.01285 0.02559 40.00000
432.00000 0.00842 0.01682 20.00000
433.00000 0.00072 0.00145 60.00000
434.00000 0.04200 0.07956 50.00000
435.00000 0.00272 0.00545 30.00000
436.00000 0.01562 0.03099 50.00000
437.00000 0.02803 0.05418 70.00000
438.00000 0.01868 0.03711 30.00000
439.00000 0.02256 0.04383 90.00000
440.00000 0.01687 0.03350 40.00000
441.00000 0.04391 0.08467 30.00000
442.00000 0.04840 0.09309 30.00000
443.00000 0.04114 0.07944 30.00000
444.00000 0.00632 0.01261 70.00000
445.00000 0.04567 0.08661 40.00000
446.00000 0.04758 0.08969 40.00000
447.00000 0.03774 0.07488 10.00000
448.00000 0.02665 0.05265 30.00000
449.00000 0.02821 0.05537 40.00000
450.00000 0.04907 0.09512 20.00000
451.00000 0.04893 0.08922 70.00000
452.00000 0.01963 0.03895 30.00000
453.00000 0.01424 0.02825 60.00000
454.00000 0.01715 0.03401 50.00000
455.00000 0.02162 0.04260 50.00000
456.00000 0.02889 0.05749 10.00000
457.00000 0.04080 0.07553 80.00000
458.00000 0.01732 0.03445 30.00000
459.00000 0.01342 0.02671 40.00000
460.00000 0.04406 0.08486 30.00000
461.00000 0.00776 0.01549 40.00000
462.00000 0.01977 0.03928 30.00000
463.00000 0.04669 0.08981 30.00000
464.00000 0.02580 0.05051 50.00000
465.00000 0.01483 0.02951 40.00000
466.00000 0.00761 0.01519 40.00000
467.00000 0.00752 0.01502 40.00000
468.00000 0.01576 0.03144 20.00000
469.00000 0.04200 0.08188 20.00000
470.00000 0.03661 0.07152 30.00000
471.00000 0.02100 0.04175 20.00000
472.00000 0.03022 0.05878 50.00000
473.00000 0.02837 0.05562 40.00000
474.00000 0.04093 0.08103 10.00000
475.00000 0.01399 0.02783 40.00000
476.00000 0.03744 0.07301 30.00000
477.00000 0.02664 0.05248 30.00000
478.00000 0.03469 0.06748 40.00000
479.00000 0.01543 0.03056 70.00000
480.00000 0.03371 0.06743 0.00000
481.00000 0.01278 0.02547 30.00000
482.00000 0.02175 0.04269 60.00000
483.00000 0.03223 0.06188 70.00000
484.00000 0.04460 0.08477 40.00000
485.00000 0.01938 0.03818 60.00000
486.00000 0.02523 0.04921 60.00000
487.00000 0.00442 0.00883 50.00000
488.00000 0.03459 0.06822 20.00000
489.00000 0.03398 0.06515 60.00000
490.00000 0.03612 0.07170 10.00000
491.00000 0.00488 0.00976 10.00000
492.00000 0.01787 0.03554 30.00000
493.00000 0.01535 0.03051 40.00000
494.00000 0.00556 0.01110 50.00000
495.00000 0.03543 0.06811 60.00000
496.00000 0.01658 0.03292 40.00000
497.00000 0.03902 0.07575 30.00000
498.00000 0.00397 0.00793 50.00000
499.00000 0.03749 0.07241 40.00000
500.00000 0.02443 0.04753 70.00000
501.00000 0.04868 0.09336 30.00000
502.00000 0.02697 0.05279 50.00000
503.00000 0.00909 0.01812 50.00000
504.00000 0.03761 0.07169 60.00000
505.00000 0.04691 0.08764 50.00000
506.00000 0.00002 0.00003 70.00000
507.00000 0.01910 0.03779 40.00000
508.00000 0.02391 0.04668 70.00000
509.00000 0.04513 0.08406 60.00000
510.00000 0.01289 0.02563 60.00000
511.00000 0.00567 0.01133 40.00000
512.00000 0.03054 0.05935 50.00000
513.00000 0.02561 0.05060 30.00000
514.00000 0.03228 0.06337 30.00000
515.00000 0.00652 0.01304 20.00000
516.00000 0.02603 0.05093 50.00000
517.00000 0.04680 0.08897 40.00000
518.00000 0.00698 0.01393 90.00000
519.00000 0.01291 0.02564 70.00000
520.00000 0.02748 0.05321 70.00000
521.00000 0.00470 0.00940 40.00000
522.00000 0.02973 0.05758 60.00000
523.00000 0.00716 0.01432 20.00000
524.00000 0.00304 0.00608 40.00000
525.00000 0.03808 0.07460 20.00000
526.00000 0.03673 0.07004 60.00000
527.00000 0.02002 0.03955 50.00000
528.00000 0.00601 0.01199 80.00000
529.00000 0.04751 0.08763 60.00000
530.00000 0.04243 0.08131 40.00000
531.00000 0.02062 0.04079 40.00000
532.00000 0.03250 0.06312 40.00000
533.00000 0.03852 0.07519 30.00000
534.00000 0.04525 0.08940 10.00000
535.00000 0.03075 0.06040 30.00000
536.00000 0.03978 0.07567 50.00000
537.00000 0.03389 0.06450 70.00000
538.00000 0.01224 0.02441 30.00000
539.00000 0.02394 0.04787 0.00000
540.00000 0.04426 0.08365 50.00000
541.00000 0.00337 0.00673 40.00000
542.00000 0.00178 0.00357 40.00000
543.00000 0.01926 0.03823 30.00000
544.00000 0.01171 0.02333 40.00000
545.00000 0.01974 0.03927 20.00000
546.00000 0.02743 0.05460 10.00000
547.00000 0.02526 0.04937 60.00000
548.00000 0.01276 0.02542 40.00000
549.00000 0.02809 0.05569 20.00000
550.00000 0.02834 0.05637 10.00000
551.00000 0.03999 0.07457 70.00000
552.00000 0.00430 0.00859 50.00000
553.00000 0.01597 0.03185 20.00000
554.00000 0.02084 0.04100 60.00000
555.00000 0.04571 0.08675 40.00000
556.00000 0.03391 0.06684 20.00000
557.00000 0.03135 0.06000 80.00000
558.00000 0.03048 0.05926 50.00000
559.00000 0.04912 0.09285 30.00000
560.00000 0.03538 0.06930 30.00000
561.00000 0.02300 0.04543 40.00000
562.00000 0.01184 0.02356 50.00000
563.00000 0.04830 0.09030 50.00000
564.00000 0.00466 0.00930 60.00000
565.00000 0.01061 0.02116 30.00000
566.00000 0.01819 0.03601 50.00000
567.00000 0.00476 0.00952 70.00000
568.00000 0.02063 0.04053 70.00000
569.00000 0.02700 0.05314 40.00000
570.00000 0.02745 0.05311 70.00000
571.00000 0.00913 0.01823 30.00000
572.00000 0.00467 0.00933 70.00000
573.00000 0.04767 0.09046 40.00000
574.00000 0.02796 0.05565 10.00000
575.00000 0.04667 0.08756 50.00000
576.00000 0.02642 0.05192 40.00000
577.00000 0.00810 0.01618 20.00000
578.00000 0.00141 0.00281 40.00000
579.00000 0.02120 0.04193 40.00000
580.00000 0.01326 0.02639 40.00000
581.00000 0.03967 0.07934 0.00000
582.00000 0.04214 0.08111 30.00000
583.00000 0.04905 0.09421 30.00000
584.00000 0.03416 0.06655 30.00000
585.00000 0.03318 0.06543 20.00000
586.00000 0.04478 0.08635 30.00000
587.00000 0.04249 0.08301 20.00000
588.00000 0.02334 0.04631 20.00000
589.00000 0.02103 0.04155 40.00000
590.00000 0.04319 0.08199 50.00000
591.00000 0.03414 0.06784 10.00000
592.00000 0.04450 0.08276 60.00000
593.00000 0.04949 0.09185 50.00000
594.00000 0.00827 0.01652 40.00000
595.00000 0.01076 0.02143 50.00000
596.00000 0.04230 0.08184 30.00000
597.00000 0.02857 0.05489 80.00000
598.00000 0.04706 0.09168 20.00000
599.00000 0.01835 0.03630 50.00000
600.00000 0.03426 0.06704 30.00000
601.00000 0.04109 0.08125 10.00000
602.00000 0.00490 0.00981 20.00000
603.00000 0.01963 0.03892 30.00000
604.00000 0.03971 0.07334 90.00000
605.00000 0.03407 0.06716 20.00000
606.00000 0.03402 0.06611 40.00000
607.00000 0.01126 0.02238 80.00000
608.00000 0.01665 0.03317 20.00000
609.00000 0.02265 0.04481 30.00000
610.00000 0.00658 0.01314 50.00000
611.00000 0.04498 0.08582 40.00000
612.00000 0.03235 0.06185 70.00000
613.00000 0.02855 0.05530 60.00000
614.00000 0.03751 0.07321 30.00000
615.00000 0.02739 0.05401 30.00000
616.00000 0.01718 0.03425 20.00000
617.00000 0.00594 0.01187 80.00000
618.00000 0.04939 0.09284 40.00000
619.00000 0.03423 0.06694 30.00000
620.00000 0.01977 0.03887 70.00000
621.00000 0.01910 0.03810 10.00000
622.00000 0.03506 0.06819 40.00000
623.00000 0.02559 0.05022 50.00000
624.00000 0.02410 0.04750 40.00000
625.00000 0.04239 0.08347 10.00000
626.00000 0.01425 0.02842 20.00000
627.00000 0.02193 0.04327 40.00000
628.00000 0.02071 0.04084 50.00000
629.00000 0.02859 0.05592 40.00000
630.00000 0.00500 0.00999 20.00000
631.00000 0.04535 0.08381 70.00000
632.00000 0.02529 0.04974 40.00000
633.00000 0.02559 0.05055 30.00000
634.00000 0.04586 0.08908 20.00000
635.00000 0.04892 0.09604 10.00000
636.00000 0.01619 0.03202 70.00000
637.00000 0.01043 0.02081 30.00000
638.00000 0.01044 0.02077 80.00000
639.00000 0.01933 0.03829 40.00000
640.00000 0.03782 0.07232 50.00000
641.00000 0.04489 0.08745 20.00000
642.00000 0.00639 0.01278 20.00000
643.00000 0.00717 0.01433 50.00000
644.00000 0.04031 0.07779 30.00000
645.00000 0.01119 0.02227 60.00000
646.00000 0.02334 0.04626 30.00000
647.00000 0.00187 0.00374 50.00000
648.00000 0.04056 0.07865 30.00000
649.00000 0.04570 0.08894 20.00000
650.00000 0.04249 0.08327 20.00000
651.00000 0.03899 0.07419 50.00000
652.00000 0.01109 0.02213 30.00000
653.00000 0.03657 0.07146 30.00000
654.00000 0.02067 0.04092 40.00000
655.00000 0.01982 0.03936 30.00000
656.00000 0.03983 0.07750 30.00000
657.00000 0.01656 0.03282 50.00000
658.00000 0.02815 0.05556 20.00000
659.00000 0.02565 0.05093 20.00000
660.00000 0.01042 0.02083 10.00000
661.00000 0.02458 0.04840 40.00000
662.00000 0.00803 0.01602 40.00000
663.00000 0.04635 0.08886 30.00000
664.00000 0.00656 0.01312 10.00000
665.00000 0.04913 0.09252 40.00000
666.00000 0.00529 0.01059 20.00000
667.00000 0.00508 0.01016 50.00000
668.00000 0.02917 0.05677 50.00000
669.00000 0.02408 0.04765 30.00000
670.00000 0.00569 0.01136 40.00000
671.00000 0.03227 0.06292 40.00000
672.00000 0.03095 0.06014 50.00000
673.00000 0.00647 0.01292 50.00000
674.00000 0.02582 0.05080 40.00000
675.00000 0.00273 0.00545 30.00000
676.00000 0.03342 0.06569 30.00000
677.00000 0.00462 0.00924 40.00000
678.00000 0.02924 0.05755 30.00000
679.00000 0.03091 0.06138 10.00000
680.00000 0.02572 0.05032 50.00000
681.00000 0.04796 0.09143 40.00000
682.00000 0.03846 0.07176 80.00000
683.00000 0.04684 0.08821 50.00000
684.00000 0.03285 0.06339 50.00000
685.00000 0.04798 0.09060 40.00000
686.00000 0.04656 0.08958 30.00000
687.00000 0.00349 0.00698 40.00000
688.00000 0.02417 0.04798 20.00000
689.00000 0.04964 0.09086 60.00000
690.00000 0.01714 0.03401 40.00000
691.00000 0.02115 0.04195 30.00000
692.00000 0.02102 0.04178 20.00000
693.00000 0.01453 0.02888 50.00000
694.00000 0.03881 0.07689 10.00000
695.00000 0.00346 0.00691 50.00000
696.00000 0.04346 0.08314 40.00000
697.00000 0.00351 0.00702 50.00000
698.00000 0.04638 0.08431 70.00000
699.00000 0.00045 0.00090 50.00000
700.00000 0.03150 0.06186 30.00000
701.00000 0.03294 0.06294 70.00000
702.00000 0.01794 0.03574 20.00000
703.00000 0.04465 0.08451 50.00000
704.00000 0.03904 0.07484 50.00000
705.00000 0.04182 0.08365 0.00000
706.00000 0.03545 0.06911 30.00000
707.00000 0.04125 0.08092 20.00000
708.00000 0.00194 0.00388 20.00000
709.00000 0.03556 0.06838 50.00000
710.00000 0.01644 0.03261 50.00000
711.00000 0.00782 0.01562 20.00000
712.00000 0.00268 0.00536 40.00000
713.00000 0.03358 0.06546 30.00000
714.00000 0.01616 0.03212 40.00000
715.00000 0.00860 0.01718 20.00000
716.00000 0.02599 0.05130 30.00000
717.00000 0.04721 0.09089 30.00000
718.00000 0.03993 0.07446 70.00000
719.00000 0.04221 0.08034 40.00000
720.00000 0.03071 0.05961 50.00000
721.00000 0.00047 0.00093 30.00000
722.00000 0.01280 0.02550 40.00000
723.00000 0.01976 0.03921 30.00000
724.00000 0.04487 0.08661 30.00000
725.00000 0.00627 0.01255 10.00000
726.00000 0.02061 0.04082 40.00000
727.00000 0.01984 0.03935 30.00000
728.00000 0.01042 0.02080 30.00000
729.00000 0.01033 0.02062 20.00000
730.00000 0.01383 0.02749 50.00000
731.00000 0.04940 0.09421 30.00000
732.00000 0.03900 0.07370 60.00000
733.00000 0.02041 0.04053 30.00000
734.00000 0.04061 0.07955 20.00000
735.00000 0.01796 0.03535 80.00000
736.00000 0.04502 0.08699 30.00000
737.00000 0.00408 0.00816 50.00000
738.00000 0.01901 0.03762 50.00000
739.00000 0.04525 0.08311 70.00000
740.00000 0.01304 0.02595 50.00000
741.00000 0.01096 0.02188 30.00000
742.00000 0.02423 0.04768 40.00000
743.00000 0.00826 0.01647 60.00000
744.00000 0.03044 0.05928 50.00000
745.00000 0.02063 0.04104 20.00000
746.00000 0.00713 0.01424 40.00000
747.00000 0.04525 0.08757 30.00000
748.00000 0.03113 0.06062 40.00000
749.00000 0.01494 0.02964 60.00000
750.00000 0.04342 0.08279 40.00000
751.00000 0.01717 0.03416 30.00000
752.00000 0.03628 0.07100 30.00000
753.00000 0.02265 0.04485 30.00000
754.00000 0.01410 0.02807 40.00000
755.00000 0.00754 0.01507 20.00000
756.00000 0.03735 0.07225 40.00000
757.00000 0.00388 0.00775 30.00000
758.00000 0.03085 0.06098 20.00000
759.00000 0.04858 0.09435 20.00000
760.00000 0.03904 0.07722 10.00000
761.00000 0.03097 0.06125 20.00000
762.00000 0.04808 0.09357 20.00000
763.00000 0.02879 0.05672 30.00000
764.00000 0.02045 0.04023 60.00000
765.00000 0.03369 0.06478 50.00000
766.00000 0.03231 0.06391 20.00000
767.00000 0.03939 0.07522 50.00000
768.00000 0.03340 0.06441 50.00000
769.00000 0.04663 0.08799 50.00000
770.00000 0.00493 0.00985 30.00000
771.00000 0.00294 0.00588 20.00000
772.00000 0.01274 0.02539 40.00000
773.00000 0.03382 0.06624 30.00000
774.00000 0.04039 0.07671 50.00000
775.00000 0.03252 0.06408 20.00000
776.00000 0.01804 0.03582 40.00000
777.00000 0.00793 0.01584 40.00000
778.00000 0.04987 0.09299 50.00000
779.00000 0.00357 0.00714 60.00000
780.00000 0.04389 0.08679 10.00000
781.00000 0.00919 0.01834 40.00000
782.00000 0.02950 0.05830 20.00000
783.00000 0.03659 0.06935 60.00000
784.00000 0.03287 0.06521 10.00000
785.00000 0.04530 0.08733 30.00000
786.00000 0.01497 0.02994 0.00000
787.00000 0.00529 0.01057 40.00000
788.00000 0.00141 0.00282 30.00000
789.00000 0.02294 0.04503 60.00000
790.00000 0.04728 0.09338 10.00000
791.00000 0.01733 0.03458 10.00000
792.00000 0.03055 0.05966 40.00000
793.00000 0.02956 0.05794 40.00000
794.00000 0.01400 0.02791 30.00000
795.00000 0.00264 0.00528 20.00000
796.00000 0.01316 0.02613 60.00000
797.00000 0.04497 0.08477 50.00000
798.00000 0.02787 0.05491 30.00000
799.00000 0.01187 0.02369 30.00000
800.00000 0.01610 0.03195 50.00000
801.00000 0.00425 0.00850 50.00000
802.00000 0.03705 0.07031 60.00000
803.00000 0.00441 0.00882 60.00000
804.00000 0.00037 0.00074 50.00000
805.00000 0.04260 0.07688 90.00000
806.00000 0.02681 0.05263 40.00000
807.00000 0.00874 0.01745 30.00000
808.00000 0.03789 0.07362 30.00000
809.00000 0.00819 0.01638 10.00000
810.00000 0.02512 0.04908 50.00000
811.00000 0.04340 0.08221 50.00000
812.00000 0.02378 0.04680 40.00000
813.00000 0.00818 0.01634 40.00000
814.00000 0.00856 0.01707 60.00000
815.00000 0.04182 0.07765 70.00000
816.00000 0.00274 0.00549 20.00000
817.00000 0.01027 0.02046 50.00000
818.00000 0.01691 0.03357 40.00000
819.00000 0.03472 0.06799 30.00000
820.00000 0.03643 0.07078 40.00000
821.00000 0.02397 0.04706 50.00000
822.00000 0.03094 0.06106 20.00000
823.00000 0.04348 0.08103 60.00000
824.00000 0.01993 0.03947 40.00000
825.00000 0.01486 0.02946 60.00000
826.00000 0.02772 0.05391 60.00000
827.00000 0.02818 0.05493 50.00000
828.00000 0.03757 0.07085 70.00000
829.00000 0.03774 0.07484 10.00000
830.00000 0.00152 0.00303 60.00000
831.00000 0.00363 0.00726 40.00000
832.00000 0.03617 0.07025 40.00000
833.00000 0.03752 0.07292 30.00000
834.00000 0.01202 0.02399 20.00000
835.00000 0.03555 0.06872 40.00000
836.00000 0.03435 0.06772 20.00000
837.00000 0.04031 0.07612 60.00000
838.00000 0.03528 0.06907 30.00000
839.00000 0.03918 0.07696 20.00000
840.00000 0.04820 0.09114 40.00000
841.00000 0.00423 0.00846 60.00000
842.00000 0.04123 0.07875 40.00000
843.00000 0.02836 0.05513 60.00000
844.00000 0.01491 0.02968 30.00000
845.00000 0.04412 0.08237 60.00000
846.00000 0.00972 0.01939 50.00000
847.00000 0.01281 0.02555 30.00000
848.00000 0.01323 0.02633 40.00000
849.00000 0.04390 0.08574 20.00000
850.00000 0.04721 0.09201 20.00000
851.00000 0.02803 0.05552 20.00000
852.00000 0.02787 0.05547 10.00000
853.00000 0.03242 0.06327 40.00000
854.00000 0.03666 0.07062 40.00000
855.00000 0.02016 0.03987 40.00000
856.00000 0.04774 0.08879 50.00000
857.00000 0.02762 0.05366 70.00000
858.00000 0.04377 0.07999 80.00000
859.00000 0.01294 0.02560 100.00000
860.00000 0.03745 0.07228 40.00000
861.00000 0.01256 0.02499 50.00000
862.00000 0.01950 0.03873 30.00000
863.00000 0.00036 0.00072 50.00000
864.00000 0.03411 0.06725 20.00000
865.00000 0.02109 0.04160 50.00000
866.00000 0.02945 0.05845 10.00000
867.00000 0.04667 0.08977 30.00000
868.00000 0.03260 0.06403 30.00000
869.00000 0.00962 0.01919 40.00000
870.00000 0.02080 0.04116 40.00000
871.00000 0.04531 0.08639 40.00000
872.00000 0.02684 0.05343 10.00000
873.00000 0.01342 0.02682 10.00000
874.00000 0.01493 0.02980 10.00000
875.00000 0.02174 0.04270 60.00000
876.00000 0.02727 0.05429 10.00000
877.00000 0.03491 0.06703 50.00000
878.00000 0.01169 0.02332 30.00000
879.00000 0.04418 0.08374 50.00000
880.00000 0.04456 0.08393 50.00000
881.00000 0.03243 0.06277 50.00000
882.00000 0.04000 0.07753 30.00000
883.00000 0.03950 0.07828 10.00000
884.00000 0.03129 0.06080 50.00000
885.00000 0.03900 0.07642 20.00000
886.00000 0.04243 0.08234 30.00000
887.00000 0.04059 0.07588 70.00000
888.00000 0.02755 0.05484 10.00000
889.00000 0.01500 0.02985 40.00000
890.00000 0.04087 0.08014 20.00000
891.00000 0.03032 0.05938 40.00000
892.00000 0.01734 0.03422 70.00000
893.00000 0.03803 0.07460 20.00000
894.00000 0.01229 0.02446 50.00000
895.00000 0.02511 0.04965 30.00000
896.00000 0.01583 0.03151 30.00000
897.00000 0.01469 0.02906 80.00000
898.00000 0.04194 0.08096 30.00000
899.00000 0.01141 0.02275 30.00000
900.00000 0.02274 0.04475 50.00000
901.00000 0.03565 0.06976 20.00000
902.00000 0.02746 0.05423 30.00000
903.00000 0.02073 0.04098 40.00000
904.00000 0.00520 0.01041 20.00000
905.00000 0.04455 0.08811 10.00000
906.00000 0.01025 0.02045 40.00000
907.00000 0.00833 0.01664 50.00000
908.00000 0.00100 0.00200 80.00000
909.00000 0.03479 0.06694 50.00000
910.00000 0.02592 0.05071 50.00000
911.00000 0.00542 0.01084 30.00000
912.00000 0.04441 0.08761 10.00000
913.00000 0.02548 0.04961 70.00000
914.00000 0.00953 0.01901 50.00000
915.00000 0.01275 0.02544 20.00000
916.00000 0.03339 0.06501 40.00000
917.00000 0.02373 0.04699 30.00000
918.00000 0.02945 0.05799 30.00000
919.00000 0.04812 0.08934 60.00000
920.00000 0.02609 0.05174 20.00000
921.00000 0.02031 0.04032 30.00000
922.00000 0.02157 0.04264 40.00000
923.00000 0.03847 0.07565 20.00000
924.00000 0.00942 0.01879 40.00000
925.00000 0.04937 0.09484 30.00000
926.00000 0.00076 0.00153 60.00000
927.00000 0.04472 0.08333 60.00000
928.00000 0.04903 0.09469 20.00000
929.00000 0.01630 0.03245 30.00000
930.00000 0.03710 0.07367 10.00000
931.00000 0.02673 0.05239 40.00000
932.00000 0.03816 0.07479 20.00000
933.00000 0.02425 0.04723 70.00000
934.00000 0.00524 0.01047 60.00000
935.00000 0.03602 0.06839 70.00000
936.00000 0.04542 0.08364 70.00000
937.00000 0.00422 0.00843 40.00000
938.00000 0.00972 0.01937 60.00000
939.00000 0.00372 0.00745 20.00000
940.00000 0.04580 0.08701 40.00000
941.00000 0.04956 0.09590 20.00000
942.00000 0.00464 0.00926 60.00000
943.00000 0.01628 0.03231 40.00000
944.00000 0.00646 0.01290 60.00000
945.00000 0.04945 0.09221 50.00000
946.00000 0.01002 0.01999 40.00000
947.00000 0.04738 0.09233 20.00000
948.00000 0.03901 0.07491 40.00000
949.00000 0.03023 0.05925 30.00000
950.00000 0.01474 0.02930 40.00000
951.00000 0.03694 0.07090 50.00000
952.00000 0.02761 0.05340 70.00000
953.00000 0.04371 0.08423 30.00000
954.00000 0.01703 0.03371 50.00000
955.00000 0.04848 0.08915 60.00000
956.00000 0.02918 0.05754 30.00000
957.00000 0.02676 0.05305 20.00000
958.00000 0.00726 0.01450 50.00000
959.00000 0.00459 0.00917 70.00000
960.00000 0.01208 0.02393 100.00000
961.00000 0.03240 0.06325 40.00000
962.00000 0.02283 0.04567 0.00000
963.00000 0.04170 0.07812 60.00000
964.00000 0.04716 0.08757 60.00000
965.00000 0.02948 0.05708 60.00000
966.00000 0.03724 0.07084 60.00000
967.00000 0.04967 0.09388 40.00000
968.00000 0.01247 0.02490 20.00000
969.00000 0.04968 0.09578 30.00000
970.00000 0.01763 0.03483 60.00000
971.00000 0.03764 0.07188 50.00000
972.00000 0.01068 0.02132 30.00000
973.00000 0.03262 0.06406 30.00000
974.00000 0.02312 0.04562 40.00000
975.00000 0.00889 0.01776 30.00000
976.00000 0.03977 0.07755 30.00000
977.00000 0.01658 0.03280 60.00000
978.00000 0.02409 0.04799 10.00000
979.00000 0.00545 0.01090 50.00000
980.00000 0.00183 0.00366 10.00000
981.00000 0.01826 0.03630 30.00000
982.00000 0.00137 0.00274 50.00000
983.00000 0.03930 0.07295 80.00000
984.00000 0.00144 0.00288 40.00000
985.00000 0.03082 0.05987 50.00000
986.00000 0.02847 0.05614 30.00000
987.00000 0.04045 0.07868 30.00000
988.00000 0.00631 0.01261 10.00000
989.00000 0.00354 0.00708 20.00000
990.00000 0.04651 0.08855 40.00000
991.00000 0.04438 0.08364 50.00000
992.00000 0.04819 0.09123 30.00000
993.00000 0.00842 0.01681 40.00000
994.00000 0.01501 0.02991 30.00000
995.00000 0.00424 0.00847 30.00000
996.00000 0.04356 0.08208 50.00000
997.00000 0.00709 0.01417 30.00000
998.00000 0.03374 0.06563 40.00000
999.00000 0.01580 0.03156 10.00000
